50
10 12 0.359
16 15 0.221
43 37 0.01
18 3 0.43
16 43 0.203
45 35 0.356
16 8 0.789
17 19 0.751
14 25 0.589
35 27 0.285
39 16 0.405
19 28 0.077
48 13 0.906
34 14 0.823
23 15 0.766
25 45 0.844
46 1 0.347
32 28 0.975
22 44 0.948
41 3 0.746
36 36 0.517
45 39 0.796
43 34 0.154
40 23 0.221
8 32 0.003
15 29 0.431
8 28 0.127
47 40 0.363
1 40 0.657
5 44 0.66
24 2 0.472
38 20 0.98
27 46 0.133
37 41 0.16
27 17 0.096
19 33 0.583
50 33 0.728
43 10 0.982
9 48 0.808
17 38 0.695
12 4 0.677
28 39 0.766
46 41 0.439
6 36 0.568
4 33 0.293
23 3 0.842
39 15 0.317
2 34 0.888
23 1 0.146
12 14 0.659
49 16 0.222
31 29 0.904
28 28 0.068
27 35 0.011
21 4 0.787
8 20 0.431
15 17 0.697
16 11 0.323
34 33 0.768
12 50 0.682
38 2 0.768
2 3 0.989
26 23 0.218
1 50 0.917
16 12 0.34
34 46 0.243
8 29 0.995
44 17 0.247
41 18 0.378
46 45 0.748
29 45 0.17
28 1 0.267
17 49 0.697
37 40 0.997
10 33 0.944
43 45 0.561
31 30 0.926
15 4 0.036
1 15 0.328
30 25 0.02
46 35 0.065
37 45 0.477
30 30 0.863
6 44 0.27
27 22 0.466
45 11 0.287
28 9 0.613
44 43 0.835
8 48 0.284
9 25 0.087
1 38 0.028
8 5 0.57
48 18 0.393
46 1 0.551
12 45 0.401
44 35 0.503
40 48 0.842
12 12 0.528
21 29 0.368
9 27 0.553
19 37 0.917
42 41 0.65
9 24 0.11
36 29 0.861
8 18 0.937
23 42 0.57
34 8 0.088
9 11 0.566
28 44 0.122
1 1 0.38
33 49 0.261
3 30 0.679
10 25 0.571
42 30 0.618
34 9 0.317
21 32 0.374
25 16 0.217
50 5 0.722
39 14 0.879
31 49 0.897
49 20 0.826
1 19 0.647
17 21 0.281
14 20 0.708
27 13 0.525
34 38 0.875
14 17 0.727
45 39 0.047
24 19 0.999
15 16 0.288
14 30 0.851
31 10 0.284
22 15 0.203
26 36 0.748
23 48 0.464
49 8 0.012
2 44 0.83
15 4 0.027
33 2 0.194
36 5 0.337
47 10 0.331
25 32 0.695
16 48 0.851
25 47 0.428
9 16 0.157
50 45 0.466
36 2 0.205
44 48 0.311
50 11 0.287
8 1 0.301
6 28 0.476
36 38 0.913
14 30 0.256
35 13 0.539
31 36 0.449
14 17 0.539
32 19 0.949
29 5 0.937
36 10 0.683
32 50 0.353
10 22 0.261
46 22 0.265
17 40 0.633
32 6 0.186
1 16 0.17
7 10 0.296
24 4 0.681
18 2 0.784
29 44 0.792
48 10 0.346
30 50 0.893
40 5 0.132
48 36 0.332
9 11 0.847
4 32 0.805
36 31 0.188
42 5 0.154
34 35 0.198
44 21 0.721
38 24 0.806
7 13 0.954
4 24 0.569
27 25 0.157
46 15 0.444
16 10 0.058
9 40 0.306
39 28 0.222
34 22 0.025
29 29 0.132
32 33 0.735
2 10 0.592
4 9 0.195
36 26 0.539
31 30 0.821
22 24 0.891
25 47 0
32 41 0.676
6 33 0.221
46 14 0.807
33 39 0.453
3 46 0.55
43 19 0.706
45 20 0.925
9 5 0.153
25 27 0.255
19 15 0.954
49 33 0.651
32 2 0.674
13 39 0.895
39 29 0.967
47 4 0.044
50 33 0.277
1 43 0.334
41 33 0.389
25 49 0.44
38 45 0.151
2 29 0.802
27 28 0.023
16 17 0.405
22 50 0.275
26 29 0.008
4 48 0.162
44 2 0.482
29 34 0.907
43 17 0.155
15 17 0.711
49 33 0.302
17 14 0.926
38 9 0.36
13 31 0.33
21 20 0.427
32 12 0.384
6 23 0.942
12 4 0.308
44 38 0.477
32 41 0.027
11 27 0.411
22 35 0.705
33 44 0.311
22 34 0.908
36 6 0.323
44 31 0.308
1 18 0.159
48 18 0.648
35 40 0.643
36 31 0.328
24 19 0.714
1 16 0.906
2 32 0.743
38 23 0.356
33 22 0.421
5 23 0.501
41 10 0.781
32 4 0.964
4 38 0.839
41 39 0.862
21 33 0.293
15 2 0.51
35 34 0.234
18 37 0.105
13 50 0.587
50 47 0.542
39 19 0.657
2 9 0.887
37 35 0.109
40 12 0.022
29 32 0.308
40 9 0.041
42 47 0.593
10 14 0.387
11 45 0.48
46 21 0.197
9 11 0.268
12 33 0.498
41 21 0.535
2 49 0.501
46 46 0.746
41 44 0.219
7 27 0.593
42 36 0.303
27 13 0.458
12 44 0.318
8 26 0.319
25 2 0.317
49 38 0.356
7 48 0.672
36 17 0.378
9 23 0.955
4 48 0.704
38 38 0.302
49 48 0.709
24 32 0.236
11 47 0.776
50 12 0.607
26 40 0.783
6 8 0.867
1 28 0.567
10 10 0.194
41 24 0.639
35 22 0.74
30 49 0.046
49 12 0.026
15 35 0.288
40 42 0.873
9 22 0.49
40 35 0.233
14 13 0.779
8 40 0.368
33 23 0.102
10 14 0.8
27 38 0.241
12 36 0.108
18 45 0.371
32 12 0.663
28 46 0.759
8 12 0.282
25 38 0.094
5 9 0.267
33 17 0.15
31 41 0.973
25 50 0.53
45 7 0.559
41 21 0.615
13 50 0.549
38 21 0.801
43 27 0.488
8 42 0.883
23 35 0.093
14 15 0.663
11 21 0.703
25 24 0.54
48 32 0.619
18 19 0.393
44 8 0.185
21 10 0.293
43 1 0.214
1 43 0.849
10 22 0.654
36 32 0.584
35 19 0.716
41 12 0.201
5 33 0.569
5 5 0.349
41 22 0.923
26 2 0.547
4 46 0.746
27 10 0.217
30 4 0.463
26 42 0.546
24 33 0.854
12 24 0.68
14 37 0.525
24 18 0.703
34 12 0.628
1 44 0.66
4 33 0.79
17 24 0.518
26 33 0.568
7 40 0.939
8 9 0.951
26 37 0.839
30 30 0.61
33 25 0.253
3 4 0.717
24 1 0.748
28 21 0.552
30 1 0.083
41 5 0.473
14 9 0.956
35 5 0.158
18 17 0.456
21 15 0.977
48 40 0.632
46 50 0.793
32 33 0.353
26 11 0.179
50 42 0.916
31 43 0.32
24 30 0.139
27 31 0.22
18 22 0.233
25 44 0.985
14 38 0.498
40 27 0.035
13 43 0.963
42 12 0.435
9 9 0.65
14 19 0.511
13 25 0.228
12 2 0.606
40 29 0.733
8 45 0.659
15 21 0.906
30 14 0.993
14 16 0.746
1 33 0.632
40 14 0.378
35 1 0.276
46 44 0.79
29 17 0.747
11 47 0.58
30 49 0.756
27 38 0.396
28 48 0.152
37 32 0.385
42 10 0.476
37 26 0.714
41 35 0.764
21 15 0.343
50 8 0.496
27 36 0.252
8 21 0.702
46 22 0.022
32 31 0.152
35 35 0.245
21 8 0.773
48 48 0.886
24 44 0.605
9 13 0.265
1 9 0.643
7 50 0.991
29 28 0.82
11 23 0.119
41 15 0.121
15 6 0.915
2 15 0.939
14 45 0.601
41 4 0.605
29 4 0.642
47 22 0.517
26 23 0.321
4 38 0.303
26 14 0.523
3 3 0.447
6 39 0.382
41 34 0.684
13 5 0.243
46 48 0.741
28 5 0.521
12 5 0.223
37 25 0.103
8 19 0.93
36 10 0.593
31 15 0.564
18 41 0.936
32 5 0.347
22 4 0.097
7 14 0.039
8 36 0.43
17 50 0.822
17 14 0.335
13 18 0.98
25 47 0.605
10 29 0.256
38 29 0.307
20 38 0.79
24 17 0.192
3 10 0.718
34 8 0.774
45 5 0.009
11 50 0.805
2 35 0.741
27 37 0.01
13 37 0.645
28 32 0.362
31 25 0.034
27 40 0.43
45 1 0.621
30 35 0.013
9 31 0.574
41 43 0.945
12 18 0.401
40 41 0.806
17 12 0.706
35 23 0.57
40 47 0.041
34 44 0.356
33 42 0.846
12 20 0.85
42 40 0.528
47 39 0.02
39 42 0.85
39 43 0.03
31 21 0.285
38 45 0.943
8 29 0.008
12 48 0.147
44 7 0.917
48 38 0.25
21 6 0.941
25 4 0.04
34 34 0.556
31 24 0.771
19 8 0.358
42 21 0.654
14 41 0.074
24 48 0.013
1 9 0.429
42 25 0.208
47 41 0.574
33 39 0.258
45 11 0.405
44 14 0.649
39 50 0.791
8 29 0.764
19 28 0.13
18 10 0.592
29 36 0.568
41 23 0.795
39 27 0.525
25 43 0.527
24 19 0.962
25 10 0.609
13 31 0.228
1 1 0.406
36 21 0.05
15 7 0.539
17 44 0.923
22 34 0.841
43 50 0.489
24 43 0.447
2 34 0.859
15 16 0.651
32 12 0.4
11 48 0.784
6 47 0.811
29 43 0.42
34 19 0.623
36 18 0.552
18 26 0.607
5 39 0.765
18 49 0.646
8 21 0.021
5 45 0.188
47 31 0.873
41 30 0.3
46 11 0.142
33 38 0.496
2 25 0.846
30 33 0.116
3 22 0.168
24 13 0.084
18 36 0.915
14 26 0.036
45 10 0.19
42 28 0.373
24 4 0.901
22 50 0.445
48 22 0.934
49 1 0.206
29 13 0.203
50 22 0.358
6 13 0.657
28 50 0.646
39 24 0.141
21 34 0.226
36 12 0.09
48 30 0.012
38 28 0.786
27 40 0.335
46 31 0.352
25 19 0.447
6 9 0.007
10 22 0.475
5 15 0.281
28 10 0.636
35 45 0.4
50 17 0.925
17 10 0.939
40 14 0.868
23 22 0.222
50 23 0.715
33 37 0.397
26 12 0.58
6 32 0.2
21 7 0.206
30 49 0.264
39 28 0.693
11 22 0.222
47 5 0.046
14 26 0.454
43 15 0.346
22 41 0.085
34 36 0.706
21 19 0.346
6 3 0.942
16 31 0.672
16 50 0.877
3 25 0.74
28 18 0.208
28 46 0.238
27 10 0.548
26 50 0.988
33 17 0.571
30 4 0.449
48 8 0.267
4 13 0.063
22 43 0.8
39 8 0.135
12 46 0.91
10 22 0.246
47 24 0.144
26 41 0.956
43 34 0.458
13 46 0.219
9 26 0.144
41 15 0.933
12 12 0.113
49 33 0.066
43 27 0.966
46 41 0.266
33 38 0.481
16 41 0.981
14 40 0.075
19 27 0.548
38 18 0.406
7 2 0.006
1 26 0.774
33 28 0.719
22 41 0.801
28 11 0.089
7 17 0.012
42 7 0.169
36 42 0.14
47 44 0.958
35 25 0.773
16 9 0.305
29 39 0.275
20 49 0.874
21 45 0.358
27 6 0.536
7 42 0.991
1 2 0.79
33 28 0.096
15 19 0.256
1 16 0.356
15 10 0.332
11 24 0.848
15 15 0.427
13 49 0.205
31 18 0.371
44 30 0.493
35 13 0.275
28 4 0.318
39 36 0.653
36 34 0.549
4 31 0.125
46 39 0.867
12 3 0.57
7 21 0.738
42 29 0.699
13 41 0.796
42 15 0.816
1 46 0.006
18 10 0.757
40 24 0.036
6 10 0.099
28 46 0.961
3 12 0.115
13 28 0.757
1 5 0.391
43 50 0.508
15 46 0.152
40 34 0.046
43 42 0.483
49 2 0.348
33 46 0.192
44 6 0.582
30 25 0.062
25 1 0.816
13 8 0.65
17 14 0.038
22 48 0.089
36 17 0.332
23 42 0.7
27 27 0.484
4 20 0.829
14 47 0.719
35 20 0.778
24 46 0.146
45 11 0.25
19 25 0.089
10 37 0.716
23 38 0.11
18 11 0.198
9 27 0.707
17 2 0.871
22 17 0.159
3 13 0.683
15 46 0.331
28 43 0.405
18 20 0.013
34 31 0.362
34 10 0.506
17 22 0.662
40 50 0.703
18 43 0.226
15 11 0.619
35 39 0.727
25 15 0.67
1 33 0.637
42 14 0.451
17 20 0.317
40 19 0.141
44 8 0.851
7 32 0.126
17 5 0.867
43 16 0.548
30 48 0.543
21 19 0.333
47 26 0.911
25 15 0.832
48 19 0.897
3 48 0.115
6 4 0.153
39 33 0.04
4 25 0.965
9 1 0.896
28 41 0.968
22 25 0.506
10 8 0.13
26 48 0.501
1 19 0.217
3 27 0.986
38 9 0.644
11 16 0.053
41 49 0.716
17 8 0.244
31 7 0.716
5 14 0.606
17 6 0.311
50 6 0.211
11 11 0.936
3 47 0.645
45 33 0.35
40 28 0.586
50 41 0.817
34 11 0.266
20 46 0.327
1 18 0.691
50 18 0.569
17 17 0.694
29 25 0.261
24 26 0.571
20 12 0.091
6 29 0.037
43 13 0.446
4 38 0.781
30 23 0.565
36 45 0.472
11 49 0.305
48 42 0.22
23 22 0.215
41 44 0.461
16 5 0.999
17 26 0.75
16 42 0.193
45 4 0.856
8 10 0.517
27 1 0.968
40 23 0.743
19 1 0.814
22 1 0.103
5 24 0.78
47 23 0.633
38 49 0.066
24 13 0.456
43 17 0.931
38 1 0.246
42 5 0.209
48 37 0.896
5 33 0.446
36 2 0.591
11 20 0.178
20 35 0.003
8 32 0.113
17 49 0.9
40 17 0.846
21 5 0.937
39 28 0.592
26 21 0.144
23 1 0.387
42 29 0.419
44 26 0.707
21 41 0.09
26 23 0.403
46 48 0.601
8 7 0.071
8 28 0.142
10 45 0.45
32 7 0.297
39 12 0.184
12 16 0.2
20 33 0.905
42 50 0.915
29 9 0.172
22 46 0.966
40 45 0.677
25 5 0.691
26 30 0.251
38 21 0.506
27 30 0.362
15 20 0.884
4 20 0.623
24 31 0.768
38 33 0.614
45 34 0.211
19 32 0.092
28 34 0.158
7 43 0.27
18 17 0.195
13 37 0.747
43 16 0.772
47 13 0.567
26 28 0.179
25 18 0.56
43 36 0.764
15 13 0.065
42 20 0.822
33 35 0.196
9 10 0.73
35 15 0.725
27 20 0.307
18 35 0.812
37 26 0.023
4 3 0.644
8 21 0.318
11 15 0.374
28 8 0.636
42 37 0.173
48 15 0.201
50 45 0.551
32 41 0.196
35 14 0.533
4 11 0.384
36 20 0.857
34 24 0.22
44 45 0.607
41 9 0.171
19 1 0.703
23 43 0.85
40 29 0.164
39 41 0.057
13 46 0.176
12 9 0.088
44 28 0.275
27 37 0.148
26 2 0.615
41 50 0.666
12 50 0.341
11 38 0.095
5 16 0.166
28 12 0.853
27 34 0.323
37 4 0.849
3 45 0.057
5 38 0.543
15 29 0.464
21 15 0.334
11 16 0.74
27 2 0.419
13 33 0.6
50 46 0.663
9 41 0.413
50 14 0.644
36 28 0.316
14 50 0.212
36 2 0.468
14 12 0.307
28 48 0.513
22 17 0.386
26 2 0.052
32 44 0.682
18 49 0.688
6 49 0.432
7 4 0.538
41 5 0.934
5 29 0.58
21 3 0.33
41 6 0.686
16 47 0.331
5 18 0.586
35 24 0.495
37 14 0.402
35 13 0.555
28 8 0.423
17 6 0.381
9 10 0.658
16 32 0.168
6 49 0.369
21 41 0.553
46 20 0.739
26 37 0.641
26 45 0.455
44 33 0.849
30 14 0.361
14 2 0.046
36 11 0.151
12 9 0.395
17 45 0.622
14 1 0.756
25 11 0.961
32 20 0.735
19 5 0.904
34 28 0.745
23 43 0.632
18 15 0.948
36 1 0.168
36 24 0.716
14 35 0.529
13 18 0.879
47 44 0.34
49 37 0.973
5 43 0.253
33 47 0.887
43 5 0.901
44 46 0.854
48 11 0.602
12 25 0.928
20 26 0.434
9 20 0.132
41 43 0.074
6 36 0.852
27 26 0.469
1 5 0.611
38 16 0.224
49 29 0.476
35 49 0.41
31 11 0.659
12 39 0.811
28 42 0.305
5 35 0.354
5 8 0.929
25 11 0.359
31 10 0.572
38 6 0.07
27 14 0.444
32 3 0.765
18 8 0.201
15 6 0.534
1 13 0.43
10 18 0.849
37 15 0.131
3 11 0.92
27 40 0.556
46 24 0.818
37 4 0.775
22 24 0.966
26 34 0.109
39 37 0.68
42 48 0.214
4 11 0.041
47 39 0.398
42 6 0.55
37 5 0.272
27 6 0.52
35 8 0.068
25 10 0.801
28 12 0.747
33 25 0.426
9 44 0.127
5 13 0.557
20 5 0.832
1 19 0.143
17 39 0.471
26 27 0.473
30 36 0.512
39 20 0.61
38 30 0.303
50 18 0.92
40 24 0.209
24 21 0.457
39 16 0.388
18 1 0.73
6 12 0.173
48 19 0.558
4 45 0.249
46 48 0.82
8 39 0.133
23 31 0.253
23 10 0.111
31 17 0.387
50 44 0.457
29 34 0.073
29 18 0.236
9 49 0.374
32 12 0.81
30 21 0.715
24 44 0.604
7 38 0.348
26 29 0.821
38 34 0.649
26 23 0.04
24 36 0.288
9 5 0.335
27 17 0.597
48 43 0.123
13 28 0.844
30 31 0.504
31 33 0.326
